# This file may be used to create an environment using:
# $ conda create --name <env> --file <this file>
# platform: win-64

# to create this environment:
# conda list --export > requirements.txt

aom=3.5.0=h63175ca_0
bzip2=1.0.8=he774522_0
ca-certificates=2022.12.7=h5b45459_0
cairo=1.16.0=hd694305_1014
certifi=2022.12.7=pyhd8ed1ab_0
dav1d=1.0.0=h8ffe710_1
docutils=0.19=py310h5588dad_1
expat=2.5.0=h1537add_0
font-ttf-dejavu-sans-mono=2.37=hab24e00_0
font-ttf-inconsolata=3.000=h77eed37_0
font-ttf-source-code-pro=2.038=h77eed37_0
font-ttf-ubuntu=0.83=hab24e00_0
fontconfig=2.14.1=hbde0cde_0
fonts-conda-ecosystem=1=0
fonts-conda-forge=1=0
freetype=2.12.1=h546665d_1
gettext=0.21.1=h5728263_0
glew=2.1.0=h39d44d4_2
graphite2=1.3.13=1000
harfbuzz=6.0.0=he256f1b_0
icu=70.1=h0e60522_0
jpeg=9e=h8ffe710_2
kivy=2.1.0=py310h8493131_3
lcms2=2.14=ha5c8aab_1
lerc=4.0.0=h63175ca_0
libavif=0.11.1=h8f5c5bc_0
libdeflate=1.17=hcfcfb64_0
libffi=3.4.2=hd77b12b_6
libflac=1.4.2=h63175ca_0
libglib=2.74.1=he8f3873_1
libiconv=1.17=h8ffe710_0
libjpeg-turbo=2.1.4=hcfcfb64_0
libmad=0.15.1b=hcfcfb64_1001
libogg=1.3.4=h8ffe710_1
libpng=1.6.39=h19919ed_0
libtiff=4.5.0=hf8721a0_2
libvorbis=1.3.7=h0e60522_0
libwebp-base=1.2.4=h8ffe710_0
libxcb=1.13=hcd874cb_1004
libzlib=1.2.13=hcfcfb64_4
m2w64-gcc-libgfortran=5.3.0=6
m2w64-gcc-libs=5.3.0=7
m2w64-gcc-libs-core=5.3.0=7
m2w64-gmp=6.1.0=2
m2w64-libwinpthread-git=5.0.0.4634.697f757=2
mpg123=1.31.2=h63175ca_0
msys2-conda-epoch=20160418=1
openjpeg=2.5.0=ha2aaf27_2
openssl=1.1.1s=hcfcfb64_1
pcre2=10.40=h17e33f8_0
pillow=9.4.0=py310h3d7015a_0
pip=22.3.1=py310haa95532_0
pixman=0.40.0=h8ffe710_0
pthread-stubs=0.4=hcd874cb_1001
pygments=2.14.0=pyhd8ed1ab_0
python=3.10.9=h966fe2a_0
python_abi=3.10=2_cp310
sdl2=2.26.2=h63175ca_0
sdl2_image=2.6.2=h090e09f_3
sdl2_mixer=2.6.2=h090ff69_3
sdl2_ttf=2.20.1=h41be9cf_1
setuptools=65.6.3=py310haa95532_0
sqlite=3.40.1=h2bbff1b_0
tk=8.6.12=h2bbff1b_0
tzdata=2022g=h04d1e81_0
ucrt=10.0.22621.0=h57928b3_0
vc=14.2=h21ff451_1
vs2015_runtime=14.34.31931=h4c5c07a_10
wheel=0.37.1=pyhd3eb1b0_0
wincertstore=0.2=py310haa95532_2
xorg-libxau=1.0.9=hcd874cb_0
xorg-libxdmcp=1.1.3=hcd874cb_0
xz=5.2.10=h8cc25b3_1
zlib=1.2.13=hcfcfb64_4
zstd=1.5.2=h12be248_6
